14400
19900
24500
24800
25000
26500
26700
28600
32500
33000
33600
34200
34400
39900
40700
42400
44800
46000
47000
48000
50300
50400
50500
52200
52400
52700
55200
55300
56200
56700
58800
59000
60800
61400
62100
63200
63800
64600
64700
65300
65600
65900
67000
67200
67400
67700
68200
68400
68800
69200
69400
69600
69700
69900
70400
71200
72600
72700
73000
73400
74000
75000
75300
75800
77400
78200
79500
79600
80300
80600
81100
82600
83000
83600
83700
83800
84600
84700
86900
87000
87400
88100
89100
89200
89800
89900
90000
91200
92100
93000
93700
93800
94100
94300
94500
95100
97200
98500
98700
99000
99800
100400
100500
102900
103100
103200
103300
103900
104100
104800
105500
105600
105800
107100
107200
107500
108900
109400
109700
110400
110500
110700
110800
113200
113400
114100
114500
114800
115700
116000
117600
117800
118000
118800
119200
119300
119700
121200
121300
122000
122200
123200
123600
123700
123800
126000
126100
126700
128100
128300
128400
128500
128900
129000
129900
130000
130100
130300
130400
130600
131200
131500
131700
132300
132400
133100
133200
133300
133500
133700
134200
134500
134600
135600
136300
136500
137100
137200
137700
138900
139000
139700
139800
140100
140600
140800
142000
142100
143000
143200
143600
144100
144600
144800
145000
145100
146000
146600
146700
147000
147400
147600
147700
147900
148400
148600
149200
149300
149600
149700
150100
150200
150300
150500
150800
151400
152300
152500
153200
153700
153800
154000
154300
154700
154800
155400
155700
156100
156300
156800
156900
157200
157500
157800
159000
159200
159300
159400
160000
160400
161100
161200
161300
161500
161600
162200
162700
163000
163500
163600
164200
164700
165600
165900
166300
166600
167900
168400
168500
168800
169000
169500
169600
169700
169800
169900
170300
170500
170900
171100
171900
172300
172400
172700
173000
173300
173400
173900
174600
174900
175000
175100
175300
175400
175800
175900
176000
176600
176700
177000
177300
177900
178000
178100
178200
179100
179300
179500
179600
179900
180300
180500
180600
180800
181100
181500
181700
182000
182600
182700
182800
183100
183600
184100
185100
185200
185300
185400
185700
185800
185900
186100
186200
186700
186900
187600
187700
188500
188900
189200
189300
189900
190200
190500
190700
191000
191300
191400
191500
191800
192300
192900
193000
193200
193700
193900
194100
194800
194900
195000
195100
195400
196400
196700
197000
197600
197800
198100
198900
199100
199200
199400
199600
199800
200100
201200
201600
202100
202800
203000
203800
204000
204700
204900
205200
205400
205700
206200
206500
206700
206900
207000
207100
207500
207600
208600
208700
208900
209000
209200
209300
209500
209600
209700
209800
210000
210200
210700
211200
211500
211800
212400
212600
212700
212800
212900
213100
213400
213500
213900
214100
214200
214500
214600
214700
214900
215000
215100
215300
215400
215600
216000
216300
216400
216500
216600
216700
217000
217100
217400
217600
217900
218300
218800
219200
219300
220100
220300
221200
221500
221600
221800
222100
222800
223100
223400
223900
224200
224700
225000
225300
225800
226000
226200
226500
227000
227300
227400
227800
228100
228200
228300
228500
228700
228900
229000
229100
229200
229400
229900
230200
230300
230500
230700
230800
230900
231500
231700
232200
232300
232500
232900
233100
233400
233500
233800
234000
234900
235000
235200
235400
235500
235600
235800
235900
236200
236400
236600
237000
237100
237700
237800
238400
238700
239100
239500
239700
240000
240300
240500
240600
240800
241500
241700
242000
242100
242300
242700
242800
243400
243800
244200
244400
244600
245200
245400
245500
246200
246300
247000
247500
247700
247800
247900
248100
248900
249100
249300
249500
249600
250300
250400
250600
250800
251200
251300
251500
251600
251700
252300
252400
252600
253000
253200
253300
253700
253900
254200
254600
254700
254900
255100
255400
255700
255800
255900
256300
256800
257000
257400
257700
257800
257900
258000
258300
259000
259600
259800
260000
260200
260500
260900
261400
261600
261700
261900
262300
262400
262500
262600
262800
263400
263600
264100
264200
264400
264600
264900
265100
265200
265300
265500
265600
265700
265900
266000
266100
266200
266400
266600
266700
267200
267800
268400
268500
268900
269100
269300
269500
269700
269800
269900
270100
270200
270700
270900
271800
272000
272100
272300
272400
272500
272800
272900
273100
273300
273500
273600
273900
274000
274100
274300
274500
274600
274800
275300
275500
275800
276000
276100
276800
277000
277100
277200
278100
279100
279500
279800
280000
280100
280400
280800
281100
281200
281400
281500
281600
281800
282500
282600
282700
282900
283100
283200
283700
283800
283900
284000
284700
284800
284900
285000
285200
285300
285600
285700
286500
286600
286700
287000
287100
287600
287700
287800
288000
288200
288400
288500
288600
288700
289300
289600
289700
289800
289900
290100
290200
290400
290500
290600
290700
290900
291000
291100
291500
291800
292000
292500
292800
292900
293300
293500
293700
293800
293900
294000
294200
294400
294700
295100
295200
295500
295700
295800
296000
296100
296200
296300
296600
296700
296800
297000
297200
297400
297700
297800
298000
298200
298300
298500
298600
299000
299100
299200
299900
300200
300300
300500
300600
300700
300900
301000
301200
301500
301600
302100
302500
302700
302900
303100
303200
303600
304100
304400
304500
305000
306000
306300
306600
306700
306900
307000
307700
308000
308100
308300
308400
308600
308700
308800
309000
309100
309500
309900
310100
310500
310700
310800
311400
311500
311700
311900
312400
312500
312600
312800
313000
313100
313200
313500
313600
314100
314700
315200
315500
315600
315700
315800
316000
316200
316400
316900
317000
317100
317600
317700
317800
317900
318000
318500
318600
318900
319000
319100
319400
319500
319900
320000
320100
320200
320300
320400
320700
320800
320900
321000
321100
321300
321400
321500
321600
321800
322000
322300
322500
322800
322900
323100
323200
323600
323700
323800
323900
324100
324200
324300
324900
326000
326200
326300
326600
327000
327100
327200
327300
327400
327600
327700
327800
327900
328100
328200
328400
328500
328600
328700
328800
329000
329300
329400
329500
329800
330100
330300
330400
330500
331000
331300
331400
331700
331800
332000
332100
332400
332600
332700
332800
333100
333300
333500
333700
333800
334100
334200
334500
334900
335400
335500
335600
335900
336000
336100
336300
336600
336800
336900
337200
337300
337400
337500
337700
337800
338000
338400
338600
338700
338800
339100
339200
339500
339600
339800
339900
340000
340300
341000
341200
341900
342100
342300
342400
342900
343000
343100
343400
343500
343700
343900
344100
344600
344700
344800
344900
345000
345200
345400
345500
346300
346500
346800
347200
347400
347500
347700
347800
347900
348200
348300
348400
348600
348700
348800
349100
349200
349300
349500
349900
350000
350100
350200
350300
350500
350600
350700
351000
351400
351500
351700
351800
352100
352200
352700
352800
352900
353100
353500
353900
354100
355100
355200
355300
355500
355700
355900
356500
356700
357000
357100
357300
357500
357700
357900
358200
358300
358500
358800
359000
359500
359700
359800
359900
360100
360200
360500
360700
360900
361000
361100
361400
361700
362000
362100
362400
362600
362700
362900
363000
363100
363800
364400
364500
364600
365100
365200
365300
365600
365700
365800
366000
366300
366400
367700
367900
368000
368100
368200
368500
368600
368700
368800
369000
369100
369200
369400
369500
369600
369700
369900
370000
370100
370400
370600
370700
370800
370900
371000
371200
371300
371400
371500
371600
371900
372000
372200
372400
372700
372800
373100
373200
373600
373700
373900
374100
374200
374400
374500
374600
375000
375300
375400
375500
375700
376000
376200
376300
376700
376800
376900
377000
377100
377400
377500
378000
378100
378200
378400
378500
378700
379200
379400
379600
379700
379800
380400
380500
380600
380700
380800
381000
381300
381600
381800
382600
382900
383000
383100
383200
383500
383600
383900
384300
384400
384600
384700
384800
384900
385200
385500
385600
386000
386200
386300
386700
387100
387200
387300
387400
387700
387900
388200
388300
388600
388800
388900
389000
389400
389500
389600
389900
390200
390300
390400
390500
390600
390700
390800
390900
391000
391300
391400
391600
391800
391900
392000
392100
392200
392300
392400
392500
392700
392800
392900
393200
393400
393500
393600
393700
393800
393900
394100
394200
394500
394600
394800
394900
395000
395300
395400
395600
395800
395900
396000
396100
396200
396300
396400
397000
397200
397500
397600
397800
397900
398100
398300
398400
398600
398800
398900
399000
399200
399700
399800
400600
401000
401200
401300
401400
401600
401900
402000
402300
402500
402800
403000
403100
403600
403700
404100
404600
404700
404900
405000
405100
405200
405400
405900
406000
406200
406400
406500
406600
406800
407000
407200
407400
407600
407900
408200
408500
408600
408700
408800
408900
409000
409100
409200
409300
409400
409500
409800
410100
410200
410300
410500
410600
410800
410900
411300
411400
411500
411800
412200
412400
412500
412600
412700
412900
413100
413200
413600
413900
414100
414200
414700
414900
415000
415700
415800
416200
416600
416800
417200
417300
417600
417700
417900
418000
418100
418300
418400
418600
418700
418800
419100
419300
419600
419800
419900
420100
420300
420400
420600
421100
421700
422100
422400
422700
422900
423000
423200
423400
423600
424000
424100
424200
424400
424500
424900
425100
425200
425400
425600
425700
425900
426100
426300
426400
426800
427100
427300
427400
427800
427900
428200
428300
428400
428500
428800
429100
429200
429300
429700
429800
430000
430100
430200
430300
430500
430600
430700
430800
431000
431200
431300
431500
431600
431700
432000
432100
432200
433000
433100
433200
433300
433400
433500
433900
434100
434600
434700
434800
435000
435100
435200
435300
435800
435900
436000
436200
436300
436600
436700
436800
437000
437100
437200
437500
437600
437800
438000
438100
438300
438400
438800
438900
439000
439300
439400
439600
439900
440200
440400
440500
440800
441000
441100
441300
441400
441500
441600
441800
441900
442000
442100
442300
442800
443000
443100
443300
443400
443500
443600
443900
444000
444100
444400
444800
445000
445100
445300
445500
445700
445900
446300
446400
446900
447000
447100
447200
447500
447700
447800
447900
448200
448300
448400
448600
448900
449100
449200
449300
449400
449500
449600
449800
449900
450100
450400
450500
450900
451100
451300
451500
451700
451800
452400
452500
452900
453000
453400
453500
453600
453800
454200
454300
454400
454700
454800
454900
455000
455200
455300
455400
455500
455600
455700
455800
455900
456000
456200
456300
456500
456700
456800
457000
457100
457200
457600
458000
458100
458600
458800
458900
459000
459100
459300
459400
459500
459600
459700
459900
460000
460200
460500
460600
461000
461100
461300
461400
461900
462100
462200
462300
462500
462900
463500
463600
463700
463800
463900
464100
464200
464300
464500
464600
464800
464900
465200
465500
465600
465700
465800
465900
466100
466200
466300
466500
466600
466700
466900
467000
467100
467200
467300
467600
467700
467800
468000
468100
468300
468400
468600
468700
468900
469100
469200
469400
470000
470200
470400
470600
470800
471000
471200
471300
471400
471500
471700
471800
471900
472200
472600
472700
472800
472900
473000
473200
473300
473400
473600
473800
474000
474100
474200
474500
474700
474900
475100
475500
475700
475800
475900
476000
476100
476200
476300
476400
476600
476900
477000
477300
477400
477500
477800
478000
478100
478400
478500
478800
478900
479000
479200
479400
479500
479600
479700
479800
479900
480000
480100
480200
480600
480700
480800
480900
481400
481500
481600
481700
481900
482300
482500
482600
482800
483000
483200
483300
483400
483600
483700
483900
484000
484200
484600
484700
484800
484900
485000
485200
485300
485400
485500
485800
486000
486100
486400
486800
486900
487100
487200
487400
487500
487800
488000
488100
488500
488900
489700
489900
490300
490400
490600
490700
490900
491000
491100
491300
491600
491800
492000
492100
492500
492700
492800
492900
493000
493100
493300
493400
493500
493700
493800
493900
494000
494100
494300
494400
494600
494700
494900
495000
495100
495200
495400
495600
495900
496100
496400
496500
496600
496700
497400
497500
498000
498400
498500
498600
498700
498800
498900
499000
499100
499200
499300
499600
499700
499800
499900
500000
500100
500300
500500
500800
500900
501100
501400
501500
502000
502100
502200
502300
502400
502600
502900
503000
503100
503300
503400
503500
503600
503700
503800
503900
504000
504100
504200
504400
504600
504900
505100
505200
505300
505400
505500
505900
506000
506100
506300
506400
506500
506700
506800
506900
507000
507100
507400
507600
507900
508000
508200
508300
508400
508500
508600
508700
508800
508900
509700
510000
510100
510300
510500
510700
511000
511200
511300
511400
511600
511700
511900
512200
512500
512600
512700
512900
513100
513600
513700
513800
514000
514400
514600
514700
514800
515100
515200
515400
515500
515800
515900
516000
516100
516400
516500
516600
516800
516900
517000
517100
517200
517500
517700
517800
518000
518100
518200
518600
519200
519300
519700
520100
520300
520500
520600
520700
520900
521100
521200
521300
521400
521600
521700
521800
522000
522100
522300
522600
523000
523100
523200
523300
523500
523800
523900
524000
524400
524500
524600
524700
524800
524900
525000
525200
525300
525500
525600
525700
525800
526000
526200
526300
526400
526500
526600
526800
527000
527100
527200
527300
527400
527500
527600
527700
527800
527900
528000
528200
528400
528600
528800
529100
529200
529300
529400
529600
529700
529800
529900
530000
530200
530300
530400
530500
530600
530800
531000
531200
531300
531400
531500
531900
532500
532600
532700
532800
532900
533000
533100
533200
533300
533500
533600
533700
534000
534100
534200
534300
534400
534500
534800
534900
535100
535400
535500
535700
536000
536100
536200
536400
536500
536600
536700
537000
537100
537200
537300
537500
537700
537900
538200
538300
538600
538700
538800
538900
539000
539100
539200
539300
539400
539500
539600
539700
539800
540000
540200
540300
540500
540800
540900
541000
541100
541200
541300
541400
541600
542000
542400
542500
542700
542800
542900
543100
543200
543300
543400
543600
543700
543800
543900
544000
544200
544300
544700
544900
545000
545200
545300
545400
545500
545700
545800
546000
546100
546400
546600
546800
547000
547400
547600
547700
547800
548000
548300
548400
548700
549000
549100
549200
549300
549400
549500
549600
549800
549900
550000
550300
550400
550500
550600
550700
551000
551100
551200
551400
551500
551700
551800
552000
552100
552300
552400
552500
552600
552700
552800
553100
553200
553400
553700
553800
554100
554200
554300
554400
554600
554800
554900
555000
555200
555300
555400
555700
555800
556000
556100
556200
556300
556500
556600
556800
556900
557100
557200
557300
557400
557800
557900
558100
558300
558400
558500
558700
558800
558900
559000
559200
559600
559700
559800
559900
560000
560100
560200
560300
560400
560500
560600
560700
560900
561000
561100
561300
561400
561800
561900
562000
562100
562200
562300
562400
562500
562600
562700
562800
562900
563000
563100
563300
563600
563700
563800
564100
564200
564300
564400
564600
564700
564900
565000
565100
565200
565300
565500
565600
565800
566100
566300
566600
566700
566800
567000
567100
567200
567500
567800
567900
568100
568400
568800
569000
569200
569300
569700
569800
569900
570200
570300
570500
570700
570800
570900
571000
571100
571400
571500
571600
571700
571800
571900
572000
572100
572300
572400
572600
572700
572800
572900
573000
573200
573300
573500
573800
573900
574000
574100
574200
574300
574400
574500
574600
574700
574900
575000
575200
575300
575400
575500
575600
575700
575800
575900
576000
576300
576400
576500
576600
576700
576800
576900
577100
577200
577600
577700
577800
577900
578100
578200
578300
578400
578600
578700
578800
579000
579100
579200
579400
579500
579700
579800
579900
580000
580100
580200
580300
580600
580800
581000
581200
581600
581700
581900
582000
582200
582400
582500
582700
582800
583100
583400
583500
583600
583700
584200
584300
584400
584500
584600
584800
585100
585300
585400
585500
585600
585700
585800
586000
586100
586400
586500
586600
586700
586900
587100
587200
587300
587400
587500
587800
587900
588000
588100
588200
588300
588400
588500
588600
588700
588800
589100
589200
589300
589400
589600
589800
589900
590000
590100
590200
590300
590500
590900
591000
591100
591500
591600
591700
591800
591900
592000
592200
592300
592400
592500
592600
592700
592800
592900
593000
593100
593300
593500
593600
593700
593800
593900
594100
594200
594300
594400
594500
594600
594700
594900
595000
595100
595300
595400
595500
595600
595700
595800
595900
596100
596200
596300
596500
596700
596800
596900
597000
597100
597200
597300
597500
597700
597800
597900
598000
598100
598300
598400
598500
598600
598700
598900
599000
599100
599200
599300
599400
599500
599600
599700
599800
599900
600100
600400
600500
600700
600800
600900
601100
601200
601400
601500
601600
601700
601800
601900
602000
602100
602200
602500
602600
602700
602900
603000
603100
603200
603300
603400
603500
603600
604000
604100
604200
604300
604500
604800
604900
605000
605100
605200
605500
605700
605800
605900
606000
606100
606300
606400
606600
606700
607100
607300
607400
607900
608000
608100
608200
608300
608400
608600
609000
609100
609200
609300
609400
609500
609600
609700
609900
610000
610100
610200
610600
610700
610800
611000
611100
611400
611500
611700
611800
612000
612300
612500
612600
612700
612900
613100
613200
613400
613600
613800
613900
614100
614200
614300
614500
614600
614700
614800
614900
615000
615100
615200
615300
615400
615500
615600
615800
616000
616100
616400
616500
616600
616800
617000
617100
617200
617300
617800
617900
618000
618100
618200
618400
618500
618600
618700
618900
619000
619100
619200
619300
619600
619800
619900
620100
620200
620400
620500
620600
620800
621200
621300
621400
621500
621600
621700
621800
621900
622100
622200
622300
622400
622500
622600
622800
622900
623000
623600
623700
623800
624100
624200
624400
624500
624600
624700
624800
625200
625300
625400
625500
625700
625800
626100
626200
626400
626500
626700
626800
627000
627100
627200
627300
627400
627500
627600
627800
627900
628000
628100
628200
628400
628500
628600
628700
628800
628900
629000
629200
629400
629500
629600
629700
629800
629900
630300
630400
630500
630700
630900
631000
631100
631200
631500
631600
631800
631900
632000
632200
632300
632500
632800
632900
633000
633100
633200
633300
633400
633500
633700
634000
634200
634300
634400
634500
634600
634700
634900
635000
635200
635300
635400
635500
635600
635800
635900
636000
636400
636500
636600
636800
636900
637100
637500
637700
637800
637900
638000
638300
638400
638500
638600
638800
639300
639500
639600
639700
639800
639900
640000
640200
640300
640400
640600
640700
640800
641000
641100
641200
641400
641500
641600
641700
641800
641900
642000
642200
642400
642500
642600
642700
642800
642900
643000
643100
643200
643300
643400
643700
643900
644100
644200
644300
644400
644500
644600
644700
645000
645100
645200
645300
645500
645600
645700
645800
645900
646100
646200
646300
646500
646600
646700
646800
646900
647200
647300
647500
647700
647900
648100
648200
648300
648400
648500
648600
648800
649000
649100
649200
649500
649600
650000
650300
650800
651000
651200
651400
651500
651600
651700
651800
652100
652300
652400
652500
652600
653100
653400
653500
653700
653900
654000
654200
654300
654400
654500
654800
655000
655100
655200
655300
655500
655600
655700
655800
656100
656200
656300
656400
656500
656600
656700
656800
657000
657100
657300
657400
657500
657600
657900
658000
658100
658200
658300
658400
658600
658700
658900
659000
659100
659200
659300
659400
659500
659600
659900
660100
660200
660400
660500
660600
660700
660800
661000
661400
661500
661800
661900
662000
662100
662400
662500
662600
662700
662800
662900
663100
663200
663400
663500
663600
663700
663800
663900
664000
664200
664400
664500
664700
664800
664900
665000
665100
665200
665500
665900
666100
666200
666300
666400
666500
666600
666700
667000
667100
667200
667500
667700
667900
668000
668100
668200
668400
668600
668700
668800
669000
669100
669400
669500
669600
669900
670000
670100
670200
670300
670400
670500
670600
670700
670800
670900
671100
671200
671300
671500
671600
671800
672000
672100
672200
672400
672500
672600
672800
673000
673100
673200
673300
673500
673600
673700
673900
674300
674500
674600
674700
674900
675400
675500
675900
676000
676100
676200
676300
676500
676800
676900
677000
677100
677200
677300
677400
677500
677600
677700
678100
678200
678300
678400
678500
678600
678700
679000
679100
679200
679400
679500
679600
679700
679800
679900
680000
680200
680300
680400
680600
680700
681100
681400
681500
681600
681900
682000
682100
682200
682400
682500
682600
682700
682800
682900
683100
683300
683500
683600
683700
683800
683900
684100
684300
684400
684500
684600
684700
684900
685000
685100
685200
685300
685500
685600
685800
685900
686000
686400
686500
686700
686800
687100
687200
687300
687400
687500
687600
687700
687800
687900
688000
688200
688300
688400
688700
688800
689000
689100
689400
689500
689600
689700
689800
689900
690000
690200
690300
690400
690500
690600
690700
690800
690900
691100
691200
691400
691500
691700
691800
691900
692000
692300
692400
692500
692600
692700
692800
692900
693000
693100
693300
693400
693500
693600
693700
693900
694000
694100
694300
694400
694500
694600
694700
694900
695100
695300
695400
695500
695600
695700
695900
696200
696300
696400
696600
696800
696900
697100
697200
697300
697500
697600
697700
697900
698200
698500
698600
698700
698800
698900
699000
699100
699200
699300
699500
699600
699700
699800
699900
700000
700200
700300
700400
700600
700700
700800
701100
701200
701300
701400
701600
701700
701800
701900
702000
702100
702200
702300
702400
702500
702700
702900
703000
703100
703200
703300
703500
703700
703900
704000
704100
704200
704500
704700
704800
704900
705000
705200
705300
705400
705500
705700
706000
706100
706300
706400
706700
706800
706900
707000
707100
707200
707300
707500
707700
707800
707900
708000
708100
708300
708400
708500
708600
708700
708800
708900
709100
709200
709300
709500
709600
709700
709900
710000
710200
710300
710400
710500
710600
710700
710800
710900
711100
711300
711400
711500
711600
711700
711800
711900
712000
712200
712300
712400
712500
712600
712700
712800
712900
713200
713300
713400
713500
713600
713700
713900
714000
714100
714400
714500
714600
714800
714900
715000
715200
715300
715400
715700
715800
715900
716000
716100
716200
716300
716400
716500
716600
716800
716900
717000
717100
717200
717300
717400
717700
717800
717900
718000
718100
718300
718400
718500
718600
718800
718900
719000
719100
719300
719400
719500
719600
719700
719800
719900
720000
720100
720200
720600
720700
720900
721000
721100
721200
721500
721600
721700
721800
721900
722000
722100
722300
722400
722500
722600
722700
722800
722900
723000
723100
723200
723300
723400
723500
723700
723800
723900
724100
724200
724400
724600
724700
724800
724900
725000
725100
725300
725400
725600
725800
725900
726000
726100
726300
726400
726500
726700
726800
727100
727200
727400
727500
727600
727700
728200
728400
728500
728600
728700
728800
728900
729000
729100
729200
729300
729400
729500
729600
729800
729900
730000
730200
730600
730900
731000
731100
731200
731300
731400
731500
731600
731700
731800
731900
732000
732200
732400
732500
732600
732800
732900
733000
733100
733200
733300
733400
733500
733600
733700
733800
733900
734000
734100
734500
734600
734900
735100
735200
735300
735400
735500
735700
735800
735900
736100
736200
736300
736400
736600
736700
736800
736900
737100
737200
737300
737400
737700
737800
737900
738000
738100
738300
738400
738500
738700
738800
738900
739100
739200
739300
739500
739600
739700
739800
739900
740000
740100
740200
740300
740400
740500
740600
740700
740800
741300
741500
741600
742000
742200
742300
742400
742700
742800
742900
743000
743100
743200
743300
743500
743600
743700
743800
743900
744000
744100
744300
744600
744900
745000
745100
745400
745500
745600
745800
745900
746000
746100
746200
746300
746400
746500
746600
746700
746800
747100
747200
747300
747600
747700
747800
747900
748100
748200
748400
748500
748600
748700
748800
748900
749000
749200
749300
749500
749600
749800
750000
750100
750300
750400
750500
750600
750700
750800
751100
751200
751300
751400
751500
751600
751800
751900
752000
752200
752300
752500
752600
752700
752900
753000
753500
753600
753700
753800
754100
754200
754300
754500
754600
754700
754800
755000
755100
755200
755300
755400
755500
755600
755700
755800
756100
756300
756400
756500
756600
756800
756900
757000
757200
757300
757400
757500
757600
757700
757800
757900
758000
758100
758200
758300
758500
758600
758800
758900
759000
759100
759300
759400
759500
759700
759800
759900
760000
760200
760300
760500
760600
760700
760900
761000
761100
761200
761400
761500
761700
761800
761900
762000
762200
762300
762500
762700
762800
763000
763100
763300
763600
763800
763900
764200
764500
764700
764800
765100
765200
765300
765400
765500
765700
765900
766000
766100
766200
766600
766800
767000
767100
767300
767500
767600
767800
768000
768200
768300
768500
768600
768800
769000
769100
769200
769300
769400
769600
769700
769800
769900
770100
770300
770400
770500
770600
770800
770900
771000
771100
771200
771300
771400
771500
771700
771900
772000
772100
772200
772300
772400
772500
772600
772700
772900
773200
773300
773400
773500
773600
773700
773900
774000
774100
774300
774400
774600
774700
774900
775000
775100
775300
775400
775500
775600
775700
775800
775900
776000
776200
776300
776400
776500
776600
776800
776900
777000
777100
777200
777400
777500
777700
777900
778000
778200
778300
778400
778500
778600
778700
778800
778900
779000
779100
779200
779300
779400
779500
779600
779700
779800
780200
780400
780500
780700
780800
780900
781000
781100
781400
781500
781600
781700
782000
782100
782200
782300
782400
782500
782600
782700
782900
783000
783200
783300
783400
783600
783700
783800
784000
784100
784200
784400
784600
784700
784800
785000
785100
785300
785400
785500
785600
785700
785900
786000
786200
786400
786500
786600
786800
787000
787100
787200
787400
787500
787600
787700
787800
787900
788000
788200
788300
788400
788500
788600
788700
788800
788900
789000
789200
789300
789400
789500
789600
789900
790000
790100
790200
790300
790400
790500
790600
790700
790900
791000
791100
791300
791400
791500
791600
791700
791800
792100
792300
792400
792500
792600
792700
792800
792900
793000
793100
793200
793300
793400
793500
793600
793700
793800
793900
794000
794100
794200
794300
794400
794500
794600
794700
794800
794900
795100
795200
795300
795400
795500
795600
795700
795900
796000
796100
796200
796300
796500
796600
796700
796800
797000
797100
797600
797700
797800
797900
798000
798100
798200
798300
798400
798600
798700
798800
798900
799000
799100
799200
799300
799400
799500
799600
799800
799900
800000
800100
800300
800500
800600
800900
801000
801100
801200
801300
801400
801600
801700
801800
801900
802000
802100
802200
802300
802400
802500
802600
802700
802800
803100
803200
803400
803500
803600
803700
803800
803900
804000
804100
804200
804400
804500
804600
804700
804800
805000
805100
805500
805600
805700
805900
806100
806300
806400
806600
806800
806900
807000
807300
807400
807700
807800
808000
808100
808300
808400
808500
808700
808800
808900
809000
809100
809300
809400
809600
809700
809800
809900
810000
810100
810200
810400
810500
810700
810800
811000
811100
811200
811300
811400
811500
811700
811800
812000
812100
812200
812400
812500
812600
813000
813100
813300
813600
813700
813800
814200
814300
814500
814700
814800
815100
815300
815400
815500
815600
815700
815800
815900
816000
816300
816400
816500
816600
816700
816800
817000
817200
817300
817400
817500
817600
817700
817800
818000
818100
818200
818300
818400
818700
818800
819000
819100
819200
819300
819400
819600
819700
819800
819900
820100
820200
820300
820400
820600
820700
820800
820900
821100
821200
821700
822200
822300
822400
822500
822600
822700
822800
822900
823000
823100
823200
823300
823400
823500
823600
823800
823900
824000
824100
824200
824600
824700
824800
824900
825000
825200
825300
825400
825500
825700
825800
826000
826100
826500
826700
826800
826900
827000
827100
827200
827500
827600
827900
828100
828200
828300
828400
828500
828600
828700
828800
828900
829000
829100
829200
829300
829400
829500
829600
829700
829900
830000
830100
830200
830400
830500
830600
830700
830900
831000
831100
831200
831500
831600
831800
831900
832100
832200
832300
832600
832700
832800
832900
833000
833100
833200
833400
833500
833700
833800
833900
834100
834200
834500
834700
834800
834900
835100
835200
835400
835500
835600
835700
835900
836100
836300
836400
836600
836700
836800
836900
837100
837200
837300
837400
837500
837600
837700
837900
838000
838100
838200
838300
838400
838500
838600
838700
838800
839000
839100
839200
839300
839400
839600
839700
839800
839900
840100
840500
840600
840700
840800
840900
841100
841200
841300
841400
841500
841600
841700
841800
842100
842200
842300
842500
842900
843000
843100
843200
843400
843500
843800
843900
844100
844200
844300
844800
844900
845000
845100
845300
845400
845500
845600
845800
845900
846000
846100
846300
846400
846500
846700
846800
846900
847000
847200
847300
847400
847500
847600
847700
848000
848200
848300
848400
848600
848700
848800
849000
849300
849400
849600
849700
849800
849900
850200
850300
850400
850500
850600
851000
851100
851300
851500
851700
851800
851900
852100
852300
852400
852500
852600
852700
852800
853000
853100
853300
853600
853700
853800
853900
854000
854100
854200
854300
854400
854500
854600
854700
854800
855000
855100
855200
855300
855400
855800
855900
856000
856100
856200
856300
856400
856500
856800
856900
857000
857200
857300
857400
857500
857800
857900
858100
858200
858400
858500
858600
858800
859100
859200
859400
859500
859600
859700
860000
860100
860300
860400
860500
860600
860700
860800
860900
861000
861200
861300
861400
861500
861600
861700
861800
861900
862200
862300
862400
862500
862600
862700
862800
863000
863100
863200
863300
863400
863600
863700
863800
863900
864000
864200
864300
864400
864600
864900
865000
865100
865200
865300
865500
865600
865700
865800
865900
866100
866200
866300
866400
866500
866600
866700
866800
866900
867000
867100
867200
867300
867400
867500
867600
867800
867900
868000
868100
868200
868300
868400
868500
868600
868700
868900
869000
869100
869200
869300
869400
869500
869900
870000
870100
870200
870300
870500
870700
870900
871000
871200
871300
871400
871500
871600
871700
871900
872100
872200
872400
872600
872700
872900
873000
873100
873300
873500
873600
873700
873800
873900
874100
874200
874300
874400
874600
874700
874800
875000
875200
875300
875400
875600
875700
876000
876100
876200
876300
876400
876700
876800
876900
877000
877100
877400
877600
877800
877900
878000
878100
878200
878400
878500
878600
878700
878900
879100
879300
879400
879600
879700
879900
880000
880100
880200
880300
880400
880500
880600
880700
880800
880900
881000
881100
881200
881300
881400
881500
881600
881700
881800
881900
882000
882100
882200
882300
882400
882500
882600
882900
883000
883100
883200
883400
883500
883600
883700
883800
883900
884100
884200
884300
884400
884500
884600
884700
884800
884900
885000
885100
885200
885300
885400
885600
885700
885900
886000
886100
886200
886300
886500
886600
886700
886800
886900
887100
887200
887300
887400
887500
887600
887700
887800
887900
888000
888100
888200
888300
888700
888800
888900
889000
889200
889300
889400
889500
889700
889800
889900
890000
890100
890200
890300
890500
890700
890900
891000
891100
891200
891300
891400
891500
891600
891800
891900
892000
892100
892200
892300
892500
892600
892800
893000
893100
893200
893300
893400
893500
893600
893700
893800
893900
894000
894300
894400
894500
894600
894700
894800
894900
895000
895100
895200
895300
895400
895700
895800
896000
896100
896200
896300
896400
896500
896600
896700
896800
897100
897200
897300
897400
897500
897600
897700
897800
897900
898000
898100
898200
898300
898400
898500
898700
898800
898900
899000
899100
899300
899500
899600
899700
900100
900200
900500
900600
900700
900800
900900
901100
901200
901300
901400
901500
901600
901700
901800
901900
902000
902100
902200
902400
902600
902700
902800
902900
903000
903200
903300
903400
903500
903600
903800
903900
904000
904100
904300
904400
904500
904700
904800
905000
905100
905200
905300
905500
905600
905700
905900
906100
906200
906300
906400
906600
906700
906800
906900
907000
907100
907200
907400
907500
907600
907700
907800
907900
908000
908100
908300
908400
908600
908900
909000
909200
909300
909400
909500
909600
909800
909900
910000
910100
910200
910300
910400
910500
910600
910700
910800
910900
911000
911100
911300
911400
911500
911700
911800
911900
912100
912200
912300
912500
912700
912800
912900
913000
913100
913200
913400
913500
913600
913700
913800
913900
914000
914100
914200
914300
914400
914500
914600
914700
914800
914900
915000
915100
915200
915300
915500
915900
916100
916300
916400
916500
916700
916800
916900
917000
917100
917200
917300
917400
917500
917600
917700
917800
918000
918100
918200
918300
918400
918500
918600
918700
918800
918900
919000
919100
919200
919300
919400
919500
919600
919700
919800
919900
920100
920200
920400
920700
920800
920900
921100
921300
921400
921600
921800
921900
922000
922100
922200
922300
922400
922500
922700
922800
922900
923000
923100
923200
923300
923400
923500
923600
923700
923800
923900
924100
924200
924300
924400
924500
924600
924700
924900
925000
925200
925300
925400
925500
925600
925700
925800
925900
926000
926200
926600
926800
926900
927000
927100
927200
927300
927400
927500
927700
927800
927900
928000
928100
928300
928400
928700
928800
928900
929100
929200
929300
929400
929500
929600
929700
929800
930000
930100
930200
930300
930400
930500
930600
930700
931000
931100
931200
931300
931400
931500
931600
931700
931900
932000
932100
932200
932300
932400
932500
932600
932700
932800
932900
933000
933200
933300
933400
933500
933600
933700
933800
933900
934100
934300
934400
934500
934600
934700
934800
934900
935200
935300
935400
935500
935600
935700
935900
936000
936100
936200
936300
936400
936700
936800
936900
937100
937300
937400
937500
937800
937900
938000
938100
938200
938300
938400
938500
938600
938700
938800
938900
939000
939100
939200
939300
939400
939500
939600
939700
939800
940000
940100
940200
940300
940400
940500
940700
940800
941000
941100
941300
941500
941600
941700
941900
942100
942200
942300
942400
942500
942600
942700
942800
942900
943000
943100
943200
943300
943400
943500
943800
943900
944000
944100
944200
944300
944400
944500
944600
944700
944800
944900
945000
945300
945400
945500
945700
945800
945900
946000
946100
946200
946300
946400
946500
946600
946700
947000
947100
947400
947500
947600
948000
948100
948200
948400
948500
948600
948700
948800
948900
949100
949300
949400
949600
949700
949800
949900
950000
950100
950200
950300
950500
950700
950800
950900
951200
